MEMORY
  total           14824 KB
  struct            159 KB
  buffer            329 KB
  arena           14336 KB, used 0.2%

SIZES
  narena                14680064
  nbuffer               336576
  nplugin               0
  maxuse_stack          4024
  maxuse_arena          29968
  maxuse_con            1
  maxuse_efc            4
  ncon                  0
  ne                    0
  nf                    0
  nl                    0
  nefc                  0
  nJ                    0
  nA                    0
  nisland               0
  nidof                 0
  ntree_awake           1
  nbody_awake           24
  nparent_awake         23
  nv_awake              18
  flg_energypos         0
  flg_energyvel         0
  flg_subtreevel        0
  flg_rnepost           0
  threadpool            0

TIMER
    0:  duration =  0.26       number = 4
    1:  duration =  0.23       number = 4
    2:  duration =  0          number = 0
    3:  duration =  0.18       number = 4
    4:  duration =  0.011      number = 4
    5:  duration =  0.0071     number = 4
    6:  duration =  0.0052     number = 4
    7:  duration =  0.0057     number = 4
    8:  duration =  0.027      number = 4
    9:  duration =  0.015      number = 4
    10:  duration =  0.086      number = 4
    11:  duration =  0.0096     number = 4
    12:  duration =  0.0053     number = 4
    13:  duration =  0.023      number = 4
    14:  duration =  0.02       number = 4

ENERGY =   0         0       

TIME =  0.053   

QPOS
  -0.081   
  -0.009   
   0.26    
  -0.0061  
   0.081   
   0.004   
   1       
  -0.052   
  -0.0023  
   0.58    
   0.038   
  -0.43    
   1.1     
  -0.054   
  -0.38    
   0.98    
   0.036   
  -0.38    
   0.98    

QVEL
  -0.78    
  -0.23    
   0.52    
   1.2     
  -3       
   0.33    
  -2.7     
   18      
  -17      
  -1.3     
   3.4     
  -0.45    
  -1.1     
   3.5     
  -0.56    
  -1.4     
   3.5     
  -0.54    

QACC_WARMSTART
  -0.9     
  -0.035   
  -10      
   55      
  -31      
   5.7     
  -82      
   2.2e+02 
  -1.9e+02 
  -54      
   31      
  -0.0044  
  -55      
   32      
  -0.19    
  -55      
   32      
  -0.59    

CTRL
  -0.098   
  -0.59    
   1.4     
   0.05    
  -0.55    
   1.1     
  -0.1     
  -0.78    
   1       
   0.14    
  -0.77    
   1       

QFRC_APPLIED
   0       
   0       
   0       
   0       
   0       
   0       
   0       
   0       
   0       
   0       
   0       
   0       
   0       
   0       
   0       
   0       
   0       
   0       

XFRC_APPLIED
   0         0         0         0         0         0       
   0         0         0         0         0         0       
   0         0         0         0         0         0       
   0         0         0         0         0         0       
   0         0         0         0         0         0       
   0         0         0         0         0         0       
   0         0         0         0         0         0       
   0         0         0         0         0         0       
   0         0         0         0         0         0       
   0         0         0         0         0         0       
   0         0         0         0         0         0       
   0         0         0         0         0         0       
   0         0         0         0         0         0       
   0         0         0         0         0         0       
   0         0         0         0         0         0       
   0         0         0         0         0         0       
   0         0         0         0         0         0       
   0         0         0         0         0         0       
   0         0         0         0         0         0       
   0         0         0         0         0         0       
   0         0         0         0         0         0       
   0         0         0         0         0         0       
   0         0         0         0         0         0       
   0         0         0         0         0         0       

QACC
  -0.9     
  -0.035   
  -10      
   55      
  -31      
   5.7     
  -82      
   2.2e+02 
  -1.9e+02 
  -54      
   31      
  -0.0044  
  -55      
   32      
  -0.19    
  -55      
   32      
  -0.59    

SENSOR
  -0.078   
  -0.008   
   0.26    
  -0.0053  
   0.075   
   0.0015  
   1       
  -0.78    
  -0.23    
   0.56    
  -0.97    
   2.8     
   0.45    
   0.86    
   0.22    
   0.44    

TREE_ASLEEP
  -11

XPOS
   0         0         0       
  -0.078    -0.008     0.26    
  -0.078    -0.008     0.26    
  -0.078    -0.008     0.26    
   0.013     0.029     0.24    
   0.013     0.081     0.24    
   0.013     0.081     0.24    
  -0.0039    0.085     0.13    
   0.043     0.09      0.02    
   0.014    -0.043     0.24    
   0.015    -0.095     0.24    
   0.015    -0.095     0.24    
  -0.044    -0.1       0.14    
   0.0095   -0.1       0.038   
  -0.17      0.027     0.27    
  -0.17      0.079     0.27    
  -0.17      0.079     0.27    
  -0.22      0.084     0.16    
  -0.18      0.089     0.061   
  -0.17     -0.045     0.27    
  -0.17     -0.097     0.27    
  -0.17     -0.097     0.27    
  -0.22     -0.1       0.16    
  -0.17     -0.11      0.061   

XQUAT
   1         0         0         0       
  -0.0053    0.075     0.0015    1       
  -0.0053    0.075     0.0015    1       
  -0.0053    0.075     0.0015    1       
  -0.0037    0.075    -0.019     1       
  -0.0044    0.11     -0.019     0.99    
  -0.0044    0.11     -0.019     0.99    
   0.0017   -0.21     -0.019     0.98    
   0.0017   -0.21     -0.019     0.98    
  -0.0069    0.075     0.023     1       
  -0.0016    0.29      0.024     0.96    
  -0.0016    0.29      0.024     0.96    
  -0.014    -0.24      0.02      0.97    
  -0.014    -0.24      0.02      0.97    
  -0.0034    0.075    -0.023     1       
  -0.0079    0.27     -0.022     0.96    
  -0.0079    0.27     -0.022     0.96    
   0.0034   -0.22     -0.023     0.98    
   0.0034   -0.22     -0.023     0.98    
  -0.0068    0.075     0.022     1       
  -0.0023    0.27      0.023     0.96    
  -0.0023    0.27      0.023     0.96    
  -0.013    -0.22      0.019     0.98    
  -0.013    -0.22      0.019     0.98    

XMAT
   1         0         0         0         1         0         0         0         1       
  -0.99      0.011     0.15     -0.01     -1         0.0038    0.15      0.0022    0.99    
  -0.99      0.011     0.15     -0.01     -1         0.0038    0.15      0.0022    0.99    
  -0.99      0.011     0.15     -0.01     -1         0.0038    0.15      0.0022    0.99    
  -0.99      0.0046    0.15     -0.01     -1        -0.037     0.15     -0.038     0.99    
  -0.97      0.0046    0.22     -0.013    -1        -0.036     0.22     -0.038     0.97    
  -0.97      0.0046    0.22     -0.013    -1        -0.036     0.22     -0.038     0.97    
  -0.91      0.0046   -0.41      0.011    -1        -0.037    -0.41     -0.038     0.91    
  -0.91      0.0046   -0.41      0.011    -1        -0.037    -0.41     -0.038     0.91    
  -0.99      0.017     0.15     -0.01     -1         0.047     0.15      0.045     0.99    
  -0.83      0.017     0.56      0.011    -1         0.047     0.56      0.045     0.83    
  -0.83      0.017     0.56      0.011    -1         0.047     0.56      0.045     0.83    
  -0.88      0.017    -0.47     -0.036    -1         0.032    -0.47      0.045     0.88    
  -0.88      0.017    -0.47     -0.036    -1         0.032    -0.47      0.045     0.88    
  -0.99      0.0033    0.15     -0.01     -1        -0.046     0.15     -0.047     0.99    
  -0.86      0.0033    0.52     -0.027    -1        -0.038     0.52     -0.047     0.85    
  -0.86      0.0033    0.52     -0.027    -1        -0.038     0.52     -0.047     0.85    
  -0.91      0.0033   -0.42      0.017    -1        -0.044    -0.42     -0.047     0.91    
  -0.91      0.0033   -0.42      0.017    -1        -0.044    -0.42     -0.047     0.91    
  -0.99      0.017     0.15     -0.01     -1         0.045     0.15      0.043     0.99    
  -0.85      0.017     0.52      0.0079   -1         0.045     0.52      0.043     0.85    
  -0.85      0.017     0.52      0.0079   -1         0.045     0.52      0.043     0.85    
  -0.91      0.017    -0.42     -0.033    -1         0.032    -0.42      0.043     0.91    
  -0.91      0.017    -0.42     -0.033    -1         0.032    -0.42      0.043     0.91    

XIPOS
   0         0         0       
  -0.077    -0.0049    0.25    
  -0.078    -0.008     0.26    
  -0.078    -0.008     0.26    
   0.013     0.029     0.24    
   0.013     0.081     0.24    
  -0.0051    0.089     0.2     
  -0.0039    0.085     0.13    
   0.043     0.09      0.02    
   0.014    -0.043     0.24    
   0.015    -0.095     0.24    
  -0.017    -0.1       0.21    
  -0.044    -0.1       0.14    
   0.0095   -0.1       0.038   
  -0.17      0.027     0.27    
  -0.17      0.079     0.27    
  -0.2       0.087     0.24    
  -0.22      0.084     0.16    
  -0.18      0.089     0.061   
  -0.17     -0.045     0.27    
  -0.17     -0.097     0.27    
  -0.2      -0.11      0.24    
  -0.22     -0.1       0.16    
  -0.17     -0.11      0.061   

XIMAT
   1         0         0         0         1         0         0         0         1       
   0.15     -0.013    -0.99      0.015     1        -0.011     0.99     -0.013     0.15    
  -0.99      0.011     0.15     -0.01     -1         0.0038    0.15      0.0022    0.99    
  -0.99      0.011     0.15     -0.01     -1         0.0038    0.15      0.0022    0.99    
  -0.99      0.0046    0.15     -0.01     -1        -0.037     0.15     -0.038     0.99    
  -0.97      0.0046    0.22     -0.013    -1        -0.036     0.22     -0.038     0.97    
  -0.77     -0.6       0.21      0.57     -0.8      -0.18      0.28     -0.018     0.96    
  -0.91      0.0046   -0.41      0.011    -1        -0.037    -0.41     -0.038     0.91    
  -0.91      0.0046   -0.41      0.011    -1        -0.037    -0.41     -0.038     0.91    
  -0.99      0.017     0.15     -0.01     -1         0.047     0.15      0.045     0.99    
  -0.83      0.017     0.56      0.011    -1         0.047     0.56      0.045     0.83    
  -0.61      0.57      0.55     -0.57     -0.8       0.19      0.55     -0.2       0.81    
  -0.88      0.017    -0.47     -0.036    -1         0.032    -0.47      0.045     0.88    
  -0.88      0.017    -0.47     -0.036    -1         0.032    -0.47      0.045     0.88    
  -0.99      0.0033    0.15     -0.01     -1        -0.046     0.15     -0.047     0.99    
  -0.86      0.0033    0.52     -0.027    -1        -0.038     0.52     -0.047     0.85    
  -0.65     -0.56      0.5       0.56     -0.81     -0.18      0.51      0.16      0.85    
  -0.91      0.0033   -0.42      0.017    -1        -0.044    -0.42     -0.047     0.91    
  -0.91      0.0033   -0.42      0.017    -1        -0.044    -0.42     -0.047     0.91    
  -0.99      0.017     0.15     -0.01     -1         0.045     0.15      0.043     0.99    
  -0.85      0.017     0.52      0.0079   -1         0.045     0.52      0.043     0.85    
  -0.64      0.58      0.51     -0.57     -0.8       0.19      0.51     -0.17      0.84    
  -0.91      0.017    -0.42     -0.033    -1         0.032    -0.42      0.043     0.91    
  -0.91      0.017    -0.42     -0.033    -1         0.032    -0.42      0.043     0.91    

XANCHOR
  -0.078    -0.008     0.26    
   0.013     0.029     0.24    
   0.013     0.081     0.24    
  -0.0039    0.085     0.13    
   0.014    -0.043     0.24    
   0.015    -0.095     0.24    
  -0.044    -0.1       0.14    
  -0.17      0.027     0.27    
  -0.17      0.079     0.27    
  -0.22      0.084     0.16    
  -0.17     -0.045     0.27    
  -0.17     -0.097     0.27    
  -0.22     -0.1       0.16    

XAXIS
   0         0         1       
  -0.99     -0.01      0.15    
   0.0046   -1        -0.038   
   0.0046   -1        -0.038   
  -0.99     -0.01      0.15    
   0.017    -1         0.045   
   0.017    -1         0.045   
  -0.99     -0.01      0.15    
   0.0033   -1        -0.047   
   0.0033   -1        -0.047   
  -0.99     -0.01      0.15    
   0.017    -1         0.043   
   0.017    -1         0.043   

GEOM_XPOS
   0         0         0       
  -0.078    -0.008     0.26    
  -0.077    -0.0031    0.25    
  -0.21     -0.0094    0.28    
  -0.15     -0.004     0.25    
   0.065    -0.0065    0.23    
  -0.003    -0.0019    0.25    
   0.013     0.029     0.24    
   0.012     0.039     0.24    
   0.002     0.083     0.2     
  -0.0029    0.079     0.19    
  -0.0051    0.089     0.2     
   0.017     0.087     0.079   
   0.015     0.088     0.083   
   0.043     0.09      0.02    
   0.043     0.09      0.011   
   0.014    -0.043     0.24    
   0.013    -0.053     0.24    
  -0.013    -0.097     0.2     
  -0.019    -0.093     0.2     
  -0.017    -0.1       0.21    
  -0.021    -0.1       0.096   
  -0.023    -0.1       0.098   
   0.0095   -0.1       0.038   
   0.01     -0.1       0.029   
  -0.17      0.027     0.27    
  -0.17      0.037     0.27    
  -0.2       0.081     0.23    
  -0.2       0.077     0.23    
  -0.2       0.087     0.24    
  -0.2       0.086     0.12    
  -0.21      0.087     0.12    
  -0.18      0.089     0.061   
  -0.18      0.089     0.052   
  -0.17     -0.045     0.27    
  -0.17     -0.055     0.27    
  -0.19     -0.099     0.23    
  -0.2      -0.095     0.23    
  -0.2      -0.11      0.24    
  -0.2      -0.1       0.12    
  -0.2      -0.11      0.12    
  -0.17     -0.11      0.061   
  -0.17     -0.11      0.052   

GEOM_XMAT
   1         0         0         0         1         0         0         0         1       
  -0.99      0.011     0.15     -0.01     -1         0.0038    0.15      0.0022    0.99    
   0.15     -0.011    -0.99      0.0068    1        -0.0098    0.99     -0.0052    0.15    
  -0.99      0.011     0.15     -0.01     -1         0.0038    0.15      0.0022    0.99    
   0.34     -0.0068   -0.94      0.011     1        -0.0031    0.94     -0.0094    0.34    
  -0.99      0.011     0.15     -0.01     -1         0.0038    0.15      0.0022    0.99    
   0.31     -0.016    -0.95      0.0056    1        -0.015     0.95     -0.00085   0.31    
  -0.99      0.0046    0.15     -0.01     -1        -0.037     0.15     -0.038     0.99    
   0.099     0.98      0.17     -0.99      0.11     -0.042    -0.06     -0.16      0.98    
  -0.97      0.0046    0.22     -0.013    -1        -0.036     0.22     -0.038     0.97    
  -0.98     -0.11      0.15      0.091    -0.99     -0.11      0.16     -0.09      0.98    
  -0.77     -0.6       0.21      0.57     -0.8      -0.18      0.28     -0.018     0.96    
  -0.91      0.0046   -0.41      0.011    -1        -0.037    -0.41     -0.038     0.91    
  -0.9       0.1      -0.42     -0.11     -0.99     -0.02     -0.42      0.027     0.91    
  -0.91      0.0046   -0.41      0.011    -1        -0.037    -0.41     -0.038     0.91    
  -0.019    -0.0046   -1        -0.038     1        -0.0039    1         0.038    -0.019   
  -0.99      0.017     0.15     -0.01     -1         0.047     0.15      0.045     0.99    
  -0.077     0.98      0.17     -0.99     -0.087     0.053     0.067    -0.16      0.98    
  -0.83      0.017     0.56      0.011    -1         0.047     0.56      0.045     0.83    
  -0.86      0.14      0.5      -0.093    -0.99      0.12      0.51      0.052     0.86    
  -0.61      0.57      0.55     -0.57     -0.8       0.19      0.55     -0.2       0.81    
  -0.88      0.017    -0.47     -0.036    -1         0.032    -0.47      0.045     0.88    
  -0.87     -0.078    -0.48      0.082    -1         0.014    -0.48     -0.027     0.88    
  -0.88      0.017    -0.47     -0.036    -1         0.032    -0.47      0.045     0.88    
  -0.085    -0.017    -1         0.043     1        -0.021     1        -0.045    -0.084   
  -0.99      0.0033    0.15     -0.01     -1        -0.046     0.15     -0.047     0.99    
   0.097     0.98      0.17     -0.99      0.11     -0.051    -0.069    -0.16      0.98    
  -0.86      0.0033    0.52     -0.027    -1        -0.038     0.52     -0.047     0.85    
  -0.89     -0.12      0.45      0.077    -0.99     -0.11      0.46     -0.062     0.89    
  -0.65     -0.56      0.5       0.56     -0.81     -0.18      0.51      0.16      0.85    
  -0.91      0.0033   -0.42      0.017    -1        -0.044    -0.42     -0.047     0.91    
  -0.89      0.1      -0.44     -0.1      -0.99     -0.027    -0.44      0.02      0.9     
  -0.91      0.0033   -0.42      0.017    -1        -0.044    -0.42     -0.047     0.91    
  -0.035    -0.0033   -1        -0.047     1        -0.0017    1         0.047    -0.035   
  -0.99      0.017     0.15     -0.01     -1         0.045     0.15      0.043     0.99    
  -0.077     0.98      0.17     -0.99     -0.087     0.051     0.065    -0.16      0.98    
  -0.85      0.017     0.52      0.0079   -1         0.045     0.52      0.043     0.85    
  -0.88      0.14      0.45     -0.096    -0.99      0.11      0.46      0.057     0.88    
  -0.64      0.58      0.51     -0.57     -0.8       0.19      0.51     -0.17      0.84    
  -0.91      0.017    -0.42     -0.033    -1         0.032    -0.42      0.043     0.91    
  -0.9      -0.082    -0.44      0.085    -1         0.014    -0.44     -0.024     0.9     
  -0.91      0.017    -0.42     -0.033    -1         0.032    -0.42      0.043     0.91    
  -0.035    -0.017    -1         0.042     1        -0.018     1        -0.043    -0.034   

SITE_XPOS
  -0.078    -0.008     0.26    

SITE_XMAT
  -0.99      0.011     0.15     -0.01     -1         0.0038    0.15      0.0022    0.99    

CAM_XPOS
  -0.078     2         0.76    
  -2.1      -0.008     0.76    

CAM_XMAT
  -1        -2.5e-32   1.2e-16   1.2e-16  -2.2e-16   1         0         1         2.2e-16 
  -2.2e-16   2.2e-16  -1        -1         0         2.2e-16   0         1         2.2e-16 

SUBTREE_COM
  -0.083    -0.0063    0.24    
  -0.083    -0.0063    0.24    
  -0.078    -0.008     0.26    
  -0.078    -0.008     0.26    
   0.0092    0.074     0.19    
   0.0081    0.085     0.18    
  -0.0051    0.089     0.2     
   0.012     0.087     0.09    
   0.043     0.09      0.02    
  -0.0039   -0.088     0.2     
  -0.0084   -0.1       0.18    
  -0.017    -0.1       0.21    
  -0.026    -0.1       0.11    
   0.0095   -0.1       0.038   
  -0.19      0.072     0.22    
  -0.19      0.083     0.21    
  -0.2       0.087     0.24    
  -0.21      0.086     0.13    
  -0.18      0.089     0.061   
  -0.19     -0.09      0.22    
  -0.19     -0.1       0.21    
  -0.2      -0.11      0.24    
  -0.21     -0.1       0.13    
  -0.17     -0.11      0.061   

CDOF
   0         0         0         1         0         0       
   0         0         0         0         1         0       
   0         0         0         0         0         1       
  -0.99     -0.01      0.15     -5.7e-05  -0.02     -0.0018  
   0.011    -1         0.0022    0.02      0.0002   -0.0045  
   0.15      0.0038    0.99     -0.0018   -0.0016    0.00028 
  -0.99     -0.01      0.15      0.0053   -0.02      0.034   
   0.0046   -1        -0.038     0.0043    0.0037   -0.096   
   0.0046   -1        -0.038    -0.11      0.0025   -0.079   
  -0.99     -0.01      0.15     -0.0054   -0.02     -0.037   
   0.017    -1         0.045     0.0042   -0.0042   -0.096   
   0.017    -1         0.045    -0.1      -0.0034   -0.037   
  -0.99     -0.01      0.15      0.0053   -0.02      0.034   
   0.0033   -1        -0.047     0.032    -0.004     0.088   
   0.0033   -1        -0.047    -0.076    -0.0069    0.14    
  -0.99     -0.01      0.15     -0.0054   -0.02     -0.037   
   0.017    -1         0.043     0.032     0.0043    0.088   
   0.017    -1         0.043    -0.076     0.0048    0.14    

CINERT
   0         0         0         0         0         0         0         0         0         0       
   0.0048    0.014     0.015    -0.00012   0.0014   -3.1e-05   0.017     0.0044    0.05      3.1     
   0.05      0.05      0.05      1.6e-06  -1.8e-05   6.8e-06   0.00091  -0.00035   0.0039    0.2     
   0.05      0.05      0.05      1.6e-06  -1.8e-05   6.8e-06   0.00091  -0.00035   0.0039    0.2     
   0.05      0.051     0.051    -0.00034  -5.5e-05  -2e-05     0.0096    0.0035    0.00057   0.1     
   0.051     0.051     0.053    -0.0013   -0.00011  -0.0001    0.014     0.013     0.0011    0.15    
   0.0012    0.00088   0.0015   -0.00072   0.00024   0.00036   0.0077    0.0094   -0.0035    0.099   
   0.052     0.052     0.051    -0.00072   0.00088   0.001     0.0079    0.0092   -0.011     0.1     
   0.053     0.053     0.051    -0.0006    0.0014    0.001     0.0063    0.0048   -0.011     0.05    
   0.05      0.051     0.051     0.00036  -5.7e-05   2.2e-05   0.0097   -0.0037    0.00058   0.1     
   0.051     0.051     0.053     0.0013   -0.00012   0.00011   0.015    -0.013     0.0012    0.15    
   0.0011    0.00064   0.0014    0.00062   8.8e-05  -0.00026   0.0065   -0.0096   -0.0024    0.099   
   0.052     0.051     0.051     0.00036   0.00037  -0.00091   0.0038   -0.0094   -0.0096    0.1     
   0.052     0.052     0.051     0.00045   0.00091  -0.00097   0.0046   -0.0049   -0.0099    0.05    
   0.05      0.051     0.051     0.00029   0.00029  -0.00011  -0.0088    0.0033    0.0033    0.1     
   0.051     0.051     0.052     0.0011    0.00047  -0.00046  -0.013     0.013     0.0054    0.15    
   0.00098   0.0016    0.0023    0.0011   -5.4e-05   1.6e-05  -0.012     0.0092    9.7e-05   0.099   
   0.051     0.053     0.053     0.0013   -0.001     0.00065  -0.014     0.009    -0.0072    0.1     
   0.052     0.052     0.051     0.00044  -0.00082   0.00084  -0.0047    0.0048   -0.0088    0.05    
   0.05      0.051     0.051    -0.00034   0.00029   0.00013  -0.0087   -0.0039    0.0034    0.1     
   0.051     0.051     0.052    -0.0012    0.00046   0.00049  -0.013    -0.014     0.0054    0.15    
   0.0011    0.0015    0.0024   -0.0011   -4.5e-05  -7.7e-06  -0.011    -0.0098    0.00018   0.099   
   0.051     0.052     0.053    -0.0013   -0.001    -0.00069  -0.014    -0.0096   -0.0072    0.1     
   0.052     0.052     0.051    -0.00046  -0.0008   -0.00088  -0.0046   -0.005    -0.0088    0.05    

ACTUATOR_LENGTH
  -0.041   
  -0.075   
  -0.075   
  -0.075   
  -0.075   
  -0.075   
  -0.075   
  -0.075   
  -0.075   
  -0.075   
  -0.075   
  -0.075   

actuator_moment
--------------------
       x            |
        x           |
        x           |
        x           |
        x           |
        x           |
        x           |
        x           |
        x           |
        x           |
        x           |
        x           |
--------------------

ACTUATOR_MOMENT
     6:  1       
     7:  1       
     7:  1       
     7:  1       
     7:  1       
     7:  1       
     7:  1       
     7:  1       
     7:  1       
     7:  1       
     7:  1       
     7:  1       

CRB
   0         0         0         0         0         0         0         0         0         0       
   0.93      0.95      0.95     -0.00089   0.0026    0.00024  -8.2e-17   0         3e-16     5.5     
   0.05      0.05      0.05      1.6e-06  -1.8e-05   6.8e-06   0.00091  -0.00035   0.0039    0.2     
   0.05      0.05      0.05      1.6e-06  -1.8e-05   6.8e-06   0.00091  -0.00035   0.0039    0.2     
   0.21      0.21      0.21     -0.0036    0.0023    0.0023    0.046     0.04     -0.024     0.5     
   0.16      0.16      0.16     -0.0033    0.0024    0.0023    0.036     0.036    -0.024     0.4     
   0.0012    0.00088   0.0015   -0.00072   0.00024   0.00036   0.0077    0.0094   -0.0035    0.099   
   0.1       0.1       0.1      -0.0013    0.0022    0.0021    0.014     0.014    -0.022     0.15    
   0.053     0.053     0.051    -0.0006    0.0014    0.001     0.0063    0.0048   -0.011     0.05    
   0.21      0.21      0.21      0.0031    0.0012   -0.002     0.039    -0.041    -0.02      0.5     
   0.16      0.16      0.16      0.0027    0.0013   -0.002     0.03     -0.037    -0.021     0.4     
   0.0011    0.00064   0.0014    0.00062   8.8e-05  -0.00026   0.0065   -0.0096   -0.0024    0.099   
   0.1       0.1       0.1       0.00082   0.0013   -0.0019    0.0085   -0.014    -0.02      0.15    
   0.052     0.052     0.051     0.00045   0.00091  -0.00097   0.0046   -0.0049   -0.0099    0.05    
   0.21      0.21      0.21      0.0042   -0.0011    0.00093  -0.053     0.039    -0.0072    0.5     
   0.16      0.16      0.16      0.0039   -0.0014    0.001    -0.044     0.036    -0.011     0.4     
   0.00098   0.0016    0.0023    0.0011   -5.4e-05   1.6e-05  -0.012     0.0092    9.7e-05   0.099   
   0.1       0.1       0.1       0.0017   -0.0018    0.0015   -0.019     0.014    -0.016     0.15    
   0.052     0.052     0.051     0.00044  -0.00082   0.00084  -0.0047    0.0048   -0.0088    0.05    
   0.21      0.21      0.21     -0.0045   -0.0011   -0.00096  -0.052    -0.042    -0.0071    0.5     
   0.16      0.16      0.16     -0.0041   -0.0014   -0.0011   -0.043    -0.038    -0.01      0.4     
   0.0011    0.0015    0.0024   -0.0011   -4.5e-05  -7.7e-06  -0.011    -0.0098    0.00018   0.099   
   0.1       0.1       0.1      -0.0018   -0.0018   -0.0016   -0.019    -0.015    -0.016     0.15    
   0.052     0.052     0.051    -0.00046  -0.0008   -0.00088  -0.0046   -0.005    -0.0088    0.05    

QM
   5.5     
   0         5.5     
   0         0         5.5     
  -0.00031  -0.11     -0.0096    0.93    
   0.11      0.0011   -0.025    -0.00075   0.95    
  -0.0098   -0.0085    0.0015    0.00014  -0.00029   0.95    
  -0.0031   -0.027    -0.022     0.21     -0.0022   -0.0031    0.21    
   0.027     0.0002   -0.002    -0.00018   0.15     -0.0088   -0.0001    0.15    
   0.0053   -6.5e-05   0.0023   -0.00027   0.1      -0.0046   -0.00016   0.1       0.1     
   0.0036   -0.024     0.022     0.21      0.0017   -0.0019                                  0.2     
   0.024    -9.4e-06  -0.0094   -0.00053   0.15      0.0089                                 -0.00032   0.15    
   0.0051    0.00021   0.0027    0.0003    0.1       0.0048                                  0.00018   0.1       0.1     
  -0.0031   -0.025    -0.022     0.21      0.0024    0.0026                                                                0.2     
   0.025     0.00049  -0.0086    0.00045   0.15     -0.01                                                                  0.00027   0.15    
   0.0052   -9.6e-05   0.0024   -0.00028   0.1      -0.0054                                                               -0.00017   0.1       0.1     
   0.0036   -0.025     0.022     0.21     -0.0024    0.0026                                                                                              0.2     
   0.025     4.7e-05  -0.0086   -0.00045   0.15      0.0087                                                                                             -0.00027   0.15    
   0.0052    0.00019   0.0024    0.00028   0.1       0.0046                                                                                              0.00016   0.1       0.1     

M
     0:  5.5     
     0:  0          1:  5.5     
     0:  0          1:  0          2:  5.5     
     0: -0.00031    1: -0.11       2: -0.0096     3:  0.93    
     0:  0.11       1:  0.0011     2: -0.025      3: -0.00075    4:  0.95    
     0: -0.0098     1: -0.0085     2:  0.0015     3:  0.00014    4: -0.00029    5:  0.95    
     0: -0.0031     1: -0.027      2: -0.022      3:  0.21       4: -0.0022     5: -0.0031     6:  0.21    
     0:  0.027      1:  0.0002     2: -0.002      3: -0.00018    4:  0.15       5: -0.0088     6: -0.0001     7:  0.15    
     0:  0.0053     1: -6.5e-05    2:  0.0023     3: -0.00027    4:  0.1        5: -0.0046     6: -0.00016    7:  0.1        8:  0.1     
     0:  0.0036     1: -0.024      2:  0.022      3:  0.21       4:  0.0017     5: -0.0019     9:  0.2     
     0:  0.024      1: -9.4e-06    2: -0.0094     3: -0.00053    4:  0.15       5:  0.0089     9: -0.00032   10:  0.15    
     0:  0.0051     1:  0.00021    2:  0.0027     3:  0.0003     4:  0.1        5:  0.0048     9:  0.00018   10:  0.1       11:  0.1     
     0: -0.0031     1: -0.025      2: -0.022      3:  0.21       4:  0.0024     5:  0.0026    12:  0.2     
     0:  0.025      1:  0.00049    2: -0.0086     3:  0.00045    4:  0.15       5: -0.01      12:  0.00027   13:  0.15    
     0:  0.0052     1: -9.6e-05    2:  0.0024     3: -0.00028    4:  0.1        5: -0.0054    12: -0.00017   13:  0.1       14:  0.1     
     0:  0.0036     1: -0.025      2:  0.022      3:  0.21       4: -0.0024     5:  0.0026    15:  0.2     
     0:  0.025      1:  4.7e-05    2: -0.0086     3: -0.00045    4:  0.15       5:  0.0087    15: -0.00027   16:  0.15    
     0:  0.0052     1:  0.00019    2:  0.0024     3:  0.00028    4:  0.1        5:  0.0046    15:  0.00016   16:  0.1       17:  0.1     

QLD
     0:  5.4     
     0: -5.5e-05    1:  5.5     
     0:  0.0022     1: -0.00019    2:  5.4     
     0: -0.012      1: -0.086      2: -0.091      3:  0.11    
     0:  0.019      1:  0.001      2:  0.012      3: -7.9e-05    4:  0.33    
     0: -0.0098     1: -0.0089     2:  0.002      3: -1.8e-05    4:  0.001      5:  0.95    
     0: -0.015      1: -0.13       2: -0.11       3:  1          4: -0.01       5: -0.015      6:  0.21    
     0:  0.42       1:  0.0051     2: -0.083      3:  0.0018     4:  1          5: -0.079      6:  0.0011     7:  0.053   
     0:  0.052      1: -0.00064    2:  0.023      3: -0.0027     4:  1          5: -0.045      6: -0.0016     7:  1          8:  0.1     
     0:  0.018      1: -0.12       2:  0.11       3:  1          4:  0.01       5: -0.009      9:  0.2     
     0:  0.36       1: -0.0041     2: -0.23       3: -0.016      4:  0.98       5:  0.078      9: -0.0095    10:  0.053   
     0:  0.051      1:  0.0021     2:  0.027      3:  0.003      4:  1          5:  0.047      9:  0.0018    10:  1         11:  0.1     
     0: -0.016      1: -0.12       2: -0.11       3:  1          4:  0.01       5:  0.013     12:  0.2     
     0:  0.37       1:  0.011      2: -0.21       3:  0.014      4:  1          5: -0.086     12:  0.0083    13:  0.053   
     0:  0.052      1: -0.00096    2:  0.024      3: -0.0028     4:  1          5: -0.054     12: -0.0016    13:  1         14:  0.1     
     0:  0.018      1: -0.12       2:  0.11       3:  1          4: -0.01       5:  0.013     15:  0.2     
     0:  0.37       1: -0.0028     2: -0.21       3: -0.014      4:  1          5:  0.078     15: -0.0084    16:  0.053   
     0:  0.052      1:  0.0019     2:  0.024      3:  0.0028     4:  1          5:  0.045     15:  0.0016    16:  1         17:  0.1     

QLDIAGINV
   0.18    
   0.18    
   0.18    
   9.4     
   3       
   1.1     
   4.9     
   19      
   9.9     
   4.9     
   19      
   9.9     
   4.9     
   19      
   9.9     
   4.9     
   19      
   9.9     

TREE_AWAKE
  1

BODY_AWAKE
  -1 1 1 1 1 1 1 1 1 1 1 1 1 1 1 1 1 1 1 1 1 1 1 1

BODY_AWAKE_IND
  0 1 2 3 4 5 6 7 8 9 10 11 12 13 14 15 16 17 18 19 20 21 22 23

PARENT_AWAKE_IND
  1 2 3 4 5 6 7 8 9 10 11 12 13 14 15 16 17 18 19 20 21 22 23

DOF_AWAKE_IND
  0 1 2 3 4 5 6 7 8 9 10 11 12 13 14 15 16 17

ACTUATOR_VELOCITY
  -2.4     
   17      
   17      
   17      
   17      
   17      
   17      
   17      
   17      
   17      
   17      
   17      

CVEL
   0         0         0         0         0         0       
  -0.97      2.8       0.45     -0.84     -0.25      0.57    
  -0.97      2.8       0.45     -0.84     -0.25      0.57    
  -0.97      2.8       0.45     -0.84     -0.25      0.57    
   1.4       2.9       0.089    -0.85     -0.2       0.49    
   1.5      -14       -0.55     -0.77     -0.14     -1.1     
   1.5      -14       -0.55     -0.77     -0.14     -1.1     
   1.4       1.9       0.053     1        -0.18      0.13    
   1.4       1.9       0.053     1        -0.18      0.13    
   0.1       2.8       0.28     -0.83     -0.22      0.61    
   0.16     -0.44      0.43     -0.82     -0.24      0.3     
   0.16     -0.44      0.43     -0.82     -0.24      0.3     
   0.15      0.0066    0.41     -0.77     -0.24      0.31    
   0.15      0.0066    0.41     -0.77     -0.24      0.31    
  -0.093     2.8       0.31     -0.84     -0.23      0.54    
  -0.082    -0.57      0.15     -0.73     -0.24      0.84    
  -0.082    -0.57      0.15     -0.73     -0.24      0.84    
  -0.084    -0.015     0.18     -0.69     -0.24      0.76    
  -0.084    -0.015     0.18     -0.69     -0.24      0.76    
   0.16      2.8       0.27     -0.83     -0.22      0.62    
   0.22     -0.52      0.42     -0.72     -0.21      0.91    
   0.22     -0.52      0.42     -0.72     -0.21      0.91    
   0.21      0.02      0.4      -0.68     -0.21      0.83    
   0.21      0.02      0.4      -0.68     -0.21      0.83    

CDOF_DOT
   0         0         0         0         0         0       
   0         0         0         0         0         0       
   0         0         0         0         0         0       
   0        -0         0        -0.028    -0.44     -0.22    
   0         0        -0         0.56      0.0078    0.78    
   0         0         0        -0.23      0.85      0.031   
   0.43     -0.3       2.8       0.074    -0.41     -0.23    
  -0.02      0.053    -1.4       0.22      0.1       0.84    
  -0.02      0.053    -1.4      -0.014     0.14     -0.82    
   0.43     -0.3       2.8      -0.13     -0.48     -0.2     
   0.41      0.00036  -0.15      0.33      0.059     0.82    
   0.41      0.00036  -0.15      0.3       0.0041    0.77    
   0.43     -0.3       2.8       0.074    -0.41     -0.23    
   0.18     -0.0033    0.084     0.8      -0.019     0.75    
   0.18     -0.0033    0.084     0.77     -0.032     0.69    
   0.43     -0.3       2.8      -0.13     -0.48     -0.2     
   0.4      -0.0025   -0.21      0.85      0.04      0.74    
   0.4      -0.0025   -0.21      0.82     -0.017     0.69    

QFRC_BIAS
   0.88    
   0.075   
   58      
  -1.2     
  -0.15    
  -4.6     
  -0.64    
  -0.027   
   0.048   
   0.022   
  -0.18    
  -0.025   
  -0.3     
  -0.087   
   0.013   
   0.011   
  -0.14    
  -0.022   

QFRC_SPRING
   0       
   0       
   0       
   0       
   0       
   0       
   0       
   0       
   0       
   0       
   0       
   0       
   0       
   0       
   0       
   0       
   0       
   0       

QFRC_DAMPER
   0       
   0       
   0       
   0       
   0       
   0       
   0       
   0       
   0       
   0       
   0       
   0       
   0       
   0       
   0       
   0       
   0       
   0       

QFRC_GRAVCOMP
   0       
   0       
   0       
   0       
   0       
   0       
   0       
   0       
   0       
   0       
   0       
   0       
   0       
   0       
   0       
   0       
   0       
   0       

QFRC_FLUID
   0       
   0       
   0       
   0       
   0       
   0       
   0       
   0       
   0       
   0       
   0       
   0       
   0       
   0       
   0       
   0       
   0       
   0       

QFRC_PASSIVE
   0       
   0       
   0       
   0       
   0       
   0       
   0       
   0       
   0       
   0       
   0       
   0       
   0       
   0       
   0       
   0       
   0       
   0       

SUBTREE_LINVEL
   0         0         0       
   0         0         0       
   0         0         0       
   0         0         0       
   0         0         0       
   0         0         0       
   0         0         0       
   0         0         0       
   0         0         0       
   0         0         0       
   0         0         0       
   0         0         0       
   0         0         0       
   0         0         0       
   0         0         0       
   0         0         0       
   0         0         0       
   0         0         0       
   0         0         0       
   0         0         0       
   0         0         0       
   0         0         0       
   0         0         0       
   0         0         0       

SUBTREE_ANGMOM
   0         0         0       
   0         0         0       
   0         0         0       
   0         0         0       
   0         0         0       
   0         0         0       
   0         0         0       
   0         0         0       
   0         0         0       
   0         0         0       
   0         0         0       
   0         0         0       
   0         0         0       
   0         0         0       
   0         0         0       
   0         0         0       
   0         0         0       
   0         0         0       
   0         0         0       
   0         0         0       
   0         0         0       
   0         0         0       
   0         0         0       
   0         0         0       

ACTUATOR_FORCE
  -5.7     
  -6.5     
   6.5     
   6.5     
  -6.5     
   6.5     
  -3       
  -6.5     
   6.5     
   6.5     
  -6.5     
   6.5     

QFRC_ACTUATOR
   0       
   0       
   0       
   0       
   0       
   0       
  -5.7     
   10      
   0       
   0       
   0       
   0       
   0       
   0       
   0       
   0       
   0       
   0       

QFRC_SMOOTH
  -0.88    
  -0.075   
  -58      
   1.2     
   0.15    
   4.6     
  -5.1     
   10      
  -0.048   
  -0.022   
   0.18    
   0.025   
   0.3     
   0.087   
  -0.013   
  -0.011   
   0.14    
   0.022   

QACC_SMOOTH
  -0.9     
  -0.035   
  -10      
   55      
  -31      
   5.7     
  -82      
   2.2e+02 
  -1.9e+02 
  -54      
   31      
  -0.0044  
  -55      
   32      
  -0.19    
  -55      
   32      
  -0.59    

QFRC_CONSTRAINT
   0       
   0       
   0       
   0       
   0       
   0       
   0       
   0       
   0       
   0       
   0       
   0       
   0       
   0       
   0       
   0       
   0       
   0       

QFRC_INVERSE
   0       
   0       
   0       
   0       
   0       
   0       
   0       
   0       
   0       
   0       
   0       
   0       
   0       
   0       
   0       
   0       
   0       
   0       

CACC
   0         0         0         0         0         0       
   0         0         0         0         0         0       
   0         0         0         0         0         0       
   0         0         0         0         0         0       
   0         0         0         0         0         0       
   0         0         0         0         0         0       
   0         0         0         0         0         0       
   0         0         0         0         0         0       
   0         0         0         0         0         0       
   0         0         0         0         0         0       
   0         0         0         0         0         0       
   0         0         0         0         0         0       
   0         0         0         0         0         0       
   0         0         0         0         0         0       
   0         0         0         0         0         0       
   0         0         0         0         0         0       
   0         0         0         0         0         0       
   0         0         0         0         0         0       
   0         0         0         0         0         0       
   0         0         0         0         0         0       
   0         0         0         0         0         0       
   0         0         0         0         0         0       
   0         0         0         0         0         0       
   0         0         0         0         0         0       

CFRC_INT
   0         0         0         0         0         0       
   0         0         0         0         0         0       
   0         0         0         0         0         0       
   0         0         0         0         0         0       
   0         0         0         0         0         0       
   0         0         0         0         0         0       
   0         0         0         0         0         0       
   0         0         0         0         0         0       
   0         0         0         0         0         0       
   0         0         0         0         0         0       
   0         0         0         0         0         0       
   0         0         0         0         0         0       
   0         0         0         0         0         0       
   0         0         0         0         0         0       
   0         0         0         0         0         0       
   0         0         0         0         0         0       
   0         0         0         0         0         0       
   0         0         0         0         0         0       
   0         0         0         0         0         0       
   0         0         0         0         0         0       
   0         0         0         0         0         0       
   0         0         0         0         0         0       
   0         0         0         0         0         0       
   0         0         0         0         0         0       

CFRC_EXT
   0         0         0         0         0         0       
   0         0         0         0         0         0       
   0         0         0         0         0         0       
   0         0         0         0         0         0       
   0         0         0         0         0         0       
   0         0         0         0         0         0       
   0         0         0         0         0         0       
   0         0         0         0         0         0       
   0         0         0         0         0         0       
   0         0         0         0         0         0       
   0         0         0         0         0         0       
   0         0         0         0         0         0       
   0         0         0         0         0         0       
   0         0         0         0         0         0       
   0         0         0         0         0         0       
   0         0         0         0         0         0       
   0         0         0         0         0         0       
   0         0         0         0         0         0       
   0         0         0         0         0         0       
   0         0         0         0         0         0       
   0         0         0         0         0         0       
   0         0         0         0         0         0       
   0         0         0         0         0         0       
   0         0         0         0         0         0       

